StartX: 147.99397954559853 StartY: 32.88119775551587 EndposX: 167.99397954559853 EndposY :45.984869141998246 Slope: 0.6551835693241188 Intercept: -64.08202600165001 Length 23.91037857928889
StartX: 92.8676372377067 StartY: 5.499718994655133 EndposX: 112.8676372377067 EndposY :21.131534922414605 Slope: 0.7815907963879736 Intercept: -67.08477155263347 Length 25.384122383871276
